60
15 9 20 2 3 6 14 17 20 11 11 8 9 3 1 12 10 10 8 9 10 12 19 8 16 1 20 13 11 15 12 17 16 11 18 18 9 3 14 20 13 4 7 13 18 8 4 7 9 4 8 18 7 6 5 2 18 17 14 8 
91
6 16 6 8 13 3 16 7 8 15 19 3 14 3 20 1 7 19 9 2 6 18 8 3 3 1 20 11 14 19 1 11 14 19 19 18 13 6 4 1 13 14 15 6 16 7 18 14 5 18 15 2 15 14 4 9 14 15 19 20 5 12 10 18 10 20 7 2 6 2 14 10 7 1 15 14 7 4 8 3 1 14 4 15 20 19 16 13 5 14 12 
9
5 14 18 6 13 4 20 10 17 
93
19 3 13 5 16 11 8 3 13 8 9 8 15 8 18 10 12 2 15 16 10 12 9 7 17 13 2 16 3 18 1 13 20 5 18 16 16 5 10 20 5 10 8 11 17 5 20 9 19 6 4 8 17 4 7 14 16 8 1 10 6 1 3 17 6 20 12 13 16 14 12 20 3 11 10 12 8 1 20 6 19 15 5 15 10 11 20 5 19 1 15 4 1 
89
20 18 8 4 10 15 9 14 15 3 4 16 14 3 9 5 20 7 19 5 1 8 15 13 5 13 13 11 8 5 19 20 3 18 15 4 12 3 17 18 17 13 14 11 15 14 15 15 20 6 19 12 5 5 4 1 18 8 11 17 13 1 8 7 10 2 10 14 16 19 11 13 11 16 15 5 9 9 11 20 6 9 12 11 14 7 3 3 15 
54
11 7 6 19 13 16 12 14 1 20 12 11 4 2 19 18 19 7 18 9 19 16 10 10 18 15 16 20 17 10 5 19 8 11 17 12 18 1 6 18 12 9 20 15 11 18 4 1 17 13 9 7 8 18 
36
17 12 3 17 20 5 13 19 4 15 7 16 12 19 1 1 10 1 13 16 11 2 11 3 10 16 12 16 15 1 3 12 5 6 20 4 
2
12 14 
65
7 13 20 10 3 12 3 5 13 15 12 15 8 3 18 18 10 1 13 4 1 16 7 17 13 6 13 14 18 18 10 16 10 2 5 5 5 7 9 17 13 20 4 1 14 13 18 3 13 10 7 5 17 5 2 9 11 6 14 20 3 16 15 5 17 
19
9 1 18 17 10 10 8 5 10 2 17 19 4 1 1 2 17 17 7 
70
18 9 15 11 8 18 18 14 2 14 12 10 7 1 18 16 11 5 20 12 6 8 11 2 8 11 15 4 19 1 14 16 1 20 19 20 17 16 13 18 2 5 19 8 17 16 15 7 1 6 11 18 13 1 19 12 3 14 7 13 6 12 9 7 12 19 6 8 14 19 
38
7 15 16 14 11 4 8 10 4 13 20 1 17 12 12 8 6 5 7 18 10 18 6 8 9 16 14 17 2 4 6 8 18 13 14 20 16 13 
69
11 18 20 4 14 11 15 14 8 19 20 6 20 17 3 8 6 19 1 14 20 16 11 19 13 3 12 4 11 5 5 1 2 4 4 7 7 18 20 14 8 19 19 8 8 14 7 5 12 7 10 3 2 20 13 6 2 5 1 12 1 5 5 14 1 8 20 7 18 
32
12 17 10 3 16 9 16 2 13 19 20 2 13 1 1 5 18 15 1 19 18 1 15 2 14 15 2 6 13 11 17 5 
19
18 19 15 7 6 16 19 4 16 13 8 8 5 12 18 11 5 8 9 
5
2 2 11 9 15 
56
13 17 12 17 16 9 7 10 7 12 17 18 7 4 10 14 4 6 18 13 17 14 20 17 18 13 18 20 13 5 15 6 1 18 14 8 19 1 9 5 4 18 2 3 1 11 8 16 17 17 8 5 10 19 1 20 
4
10 19 16 6 
46
13 7 3 7 6 1 19 15 18 2 12 19 16 4 2 4 20 10 20 19 14 10 18 6 9 1 15 7 16 1 12 1 19 7 7 4 19 5 10 16 18 13 7 14 17 8 
97
16 9 8 14 14 17 3 19 5 3 5 4 11 17 7 11 15 5 9 11 4 13 12 11 2 5 17 7 1 16 15 8 16 3 1 9 19 4 7 16 18 12 19 20 8 17 10 15 2 18 17 5 2 8 7 16 12 16 2 4 11 9 11 7 11 4 7 1 19 14 16 16 17 6 16 16 3 17 10 16 15 18 12 8 6 18 3 9 13 17 13 16 5 15 14 15 18 
