8048 1759
7889 2014
134 6168
5199 9205
8035 7631
7564 1699
7300 5562
5023 5276
237 6459
8500 3747
5539 1767
6105 6519
5159 3225
1773 4724
1538 1416
4332 9585
9526 8572
7950 6011
1092 3148
5215 9126
778 9130
7176 4430
1043 8550
9705 1279
5008 4556
1377 546
6322 7481
3417 1480
705 1541
2555 8594
9308 3239
8178 8833
1810 2479
4843 2901
1979 6409
8378 2756
1890 5553
7185 2932
4102 3241
4210 9110
7797 5586
6007 4118
9418 9423
1950 123
7315 856
5068 6622
4094 3246
5454 5904
2076 6648
5156 4054
3056 3534
3162 4945
9086 6698
7876 9540
9939 8437
8649 7735
4022 1007
1852 3440
430 3801
9914 4096
4657 4981
718 5102
4578 6171
1005 3006
2819 2513
7059 2226
6046 6572
3523 5131
3270 7750
1022 3208
6187 6022
942 6560
7029 9145
6351 3810
9298 6264
7905 3954
7597 8622
5407 8526
1145 2764
7883 315
5276 4942
2540 1321
1513 6062
2803 1134
3812 3825
4341 6350
9846 5282
2909 6874
779 9260
7035 76
1875 4940
4029 5823
9913 5787
701 1057
8550 8583
1371 3825
9876 3911
5145 7741
6324 7948
8874 6487
